0 0.0 0.0 0.0 0
0.1 -0.047560711944978254 0.0031036433544513963 0.0 0
0.2 -0.047560711944978254 0.0031036433544513963 0.0 0
0.30000000000000004 -0.047560711944978254 0.0031036433544513963 0.0 0
0.4 -0.047560711944978254 0.0031036433544513963 0.0 0
0.5 -0.047560711944978254 0.0031036433544513963 0.0 0
0.6 -0.047560711944978254 0.0031036433544513963 0.0 0
0.7 -0.047560711944978254 0.0031036433544513963 0.0 0
0.7999999999999999 -0.047560711944978254 0.0031036433544513963 0.0 0
0.8999999999999999 -0.047560711944978254 0.0031036433544513963 0.0 0
0.9999999999999999 -0.047560711944978254 0.0031036433544513963 0.0 0
1.0999999999999999 -0.047560711944978254 0.0031036433544513963 0.0 0
1.2 -0.047560711944978254 0.0031036433544513963 0.0 0
1.3 -0.047560711944978254 0.0031036433544513963 0.0 0
1.4000000000000001 -0.047560711944978254 0.0031036433544513963 0.0 0
1.5000000000000002 -0.047560711944978254 0.0031036433544513963 0.0 0
1.6000000000000003 -0.047560711944978254 0.0031036433544513963 0.0 0
1.7000000000000004 -0.047560711944978254 0.0031036433544513963 0.0 0
1.8000000000000005 -0.047560711944978254 0.0031036433544513963 0.0 0
1.9000000000000006 -0.047560711944978254 0.0031036433544513963 0.0 0
2.0000000000000004 -0.047560711944978254 0.0031036433544513963 0.0 0
2.1000000000000005 -0.047560711944978254 0.0031036433544513963 0.0 0
2.2000000000000006 -0.047560711944978254 0.0031036433544513963 0.0 0
2.3000000000000007 -0.047560711944978254 0.0031036433544513963 0.0 0
2.400000000000001 -0.047560711944978254 0.0031036433544513963 0.0 0
2.500000000000001 -0.047560711944978254 0.0031036433544513963 0.0 0
2.600000000000001 -0.047560711944978254 0.0031036433544513963 0.0 0
2.700000000000001 -0.047560711944978254 0.0031036433544513963 0.0 0
2.800000000000001 -0.047560711944978254 0.0031036433544513963 0.0 0
2.9000000000000012 -0.047560711944978254 0.0031036433544513963 0.0 0
3.0000000000000013 -0.047560711944978254 0.0031036433544513963 0.0 0
3.1000000000000014 -0.047560711944978254 0.0031036433544513963 0.0 0
3.2000000000000015 -0.047560711944978254 0.0031036433544513963 0.0 0
3.3000000000000016 -0.047560711944978254 0.0031036433544513963 0.0 0
3.4000000000000017 -0.047560711944978254 0.0031036433544513963 0.0 0
3.5000000000000018 -0.047560711944978254 0.0031036433544513963 0.0 0
3.600000000000002 -0.047560711944978254 0.0031036433544513963 0.0 0
3.700000000000002 -0.047560711944978254 0.0031036433544513963 0.0 0
3.800000000000002 -0.047560711944978254 0.0031036433544513963 0.0 0
3.900000000000002 -0.047560711944978254 0.0031036433544513963 0.0 0
4.000000000000002 -0.047560711944978254 0.0031036433544513963 0.0 0
4.100000000000001 -0.047560711944978254 0.0031036433544513963 0.0 0
4.200000000000001 -0.047560711944978254 0.0031036433544513963 0.0 0
4.300000000000001 -0.047560711944978254 0.0031036433544513963 0.0 0
4.4 -0.047560711944978254 0.0031036433544513963 0.0 0
4.5 -0.047560711944978254 0.0031036433544513963 0.0 0
4.6 -0.047560711944978254 0.0031036433544513963 0.0 0
4.699999999999999 -0.047560711944978254 0.0031036433544513963 0.0 0
4.799999999999999 -0.047560711944978254 0.0031036433544513963 0.0 0
4.899999999999999 -0.047560711944978254 0.0031036433544513963 0.0 0
4.999999999999998 -0.047560711944978254 0.0031036433544513963 0.0 0
5.099999999999998 -0.047560711944978254 0.0031036433544513963 0.0 0
5.1999999999999975 -0.047560711944978254 0.0031036433544513963 0.0 0
5.299999999999997 -0.047560711944978254 0.0031036433544513963 0.0 0
5.399999999999997 -0.047560711944978254 0.0031036433544513963 0.0 0
5.4999999999999964 -0.047560711944978254 0.0031036433544513963 0.0 0
5.599999999999996 -0.047560711944978254 0.0031036433544513963 0.0 0
5.699999999999996 -0.047560711944978254 0.0031036433544513963 0.0 0
5.799999999999995 -0.047560711944978254 0.0031036433544513963 0.0 0
5.899999999999995 -0.047560711944978254 0.0031036433544513963 0.0 0
5.999999999999995 -0.047560711944978254 0.0031036433544513963 0.0 0
6.099999999999994 -0.047560711944978254 0.0031036433544513963 0.0 0
6.199999999999994 -0.047560711944978254 0.0031036433544513963 0.0 0
6.299999999999994 -0.047560711944978254 0.0031036433544513963 0.0 0
6.399999999999993 -0.047560711944978254 0.0031036433544513963 0.0 0
6.499999999999993 -0.047560711944978254 0.0031036433544513963 0.0 0
6.5999999999999925 -0.047560711944978254 0.0031036433544513963 0.0 0
6.699999999999992 -0.047560711944978254 0.0031036433544513963 0.0 0
6.799999999999992 -0.047560711944978254 0.0031036433544513963 0.0 0
6.8999999999999915 -0.047560711944978254 0.0031036433544513963 0.0 0
6.999999999999991 -0.047560711944978254 0.0031036433544513963 0.0 0
7.099999999999991 -0.047560711944978254 0.0031036433544513963 0.0 0
7.19999999999999 -0.047560711944978254 0.0031036433544513963 0.0 0
7.29999999999999 -0.047560711944978254 0.0031036433544513963 0.0 0
7.39999999999999 -0.047560711944978254 0.0031036433544513963 0.0 0
7.499999999999989 -0.047560711944978254 0.0031036433544513963 0.0 0
7.599999999999989 -0.047560711944978254 0.0031036433544513963 0.0 0
7.699999999999989 -0.12978339747203932 2.895036499403038e-05 0.0 0
7.799999999999988 -0.12978339747203932 2.895036499403038e-05 0.0 0
7.899999999999988 -0.12978339747203932 2.895036499403038e-05 0.0 0
7.999999999999988 -0.12978339747203932 2.895036499403038e-05 0.0 0
8.099999999999987 -0.12978339747203932 2.895036499403038e-05 0.0 0
8.199999999999987 -0.12978339747203932 2.895036499403038e-05 0.0 0
8.299999999999986 -0.12978339747203932 2.895036499403038e-05 0.0 0
8.399999999999986 -0.12978339747203932 2.895036499403038e-05 0.0 0
8.499999999999986 -0.12978339747203932 2.895036499403038e-05 0.0 0
8.599999999999985 -0.12978339747203932 2.895036499403038e-05 0.0 0
8.699999999999985 -0.12978339747203932 2.895036499403038e-05 0.0 0
8.799999999999985 -0.24837359793117755 -0.008422004353628672 0.0 0
8.899999999999984 -0.24837359793117755 -0.008422004353628672 0.0 0
8.999999999999984 -0.24837359793117755 -0.008422004353628672 0.0 0
9.099999999999984 -0.24837359793117755 -0.008422004353628672 0.0 0
9.199999999999983 -0.24837359793117755 -0.008422004353628672 0.0 0
9.299999999999983 -0.24837359793117755 -0.008422004353628672 0.0 0
9.399999999999983 -0.24837359793117755 -0.008422004353628672 0.0 0
9.499999999999982 -0.24837359793117755 -0.008422004353628672 0.0 0
9.599999999999982 -0.24837359793117755 -0.008422004353628672 0.0 0
9.699999999999982 -0.24837359793117755 -0.008422004353628672 0.0 0
9.799999999999981 -0.24837359793117755 -0.008422004353628672 0.0 0
9.89999999999998 -0.24837359793117755 -0.008422004353628672 0.0 0
9.99999999999998 -0.24837359793117755 -0.008422004353628672 0.0 0
10.09999999999998 -0.24837359793117755 -0.008422004353628672 0.0 0
10.19999999999998 -0.24837359793117755 -0.008422004353628672 0.0 0
10.29999999999998 -0.24837359793117755 -0.008422004353628672 0.0 0
10.399999999999979 -0.24837359793117755 -0.008422004353628672 0.0 0
10.499999999999979 -0.24837359793117755 -0.008422004353628672 0.0 0
10.599999999999978 -0.24837359793117755 -0.008422004353628672 0.0 0
10.699999999999978 -0.24837359793117755 -0.008422004353628672 0.0 0
10.799999999999978 -0.24837359793117755 -0.008422004353628672 0.0 0
10.899999999999977 -0.24837359793117755 -0.008422004353628672 0.0 0
10.999999999999977 -0.24837359793117755 -0.008422004353628672 0.0 0
11.099999999999977 -0.24837359793117755 -0.008422004353628672 0.0 0
11.199999999999976 -0.24837359793117755 -0.008422004353628672 0.0 0
11.299999999999976 -0.24837359793117755 -0.008422004353628672 0.0 0
11.399999999999975 -0.24837359793117755 -0.008422004353628672 0.0 0
11.499999999999975 -0.24837359793117755 -0.008422004353628672 0.0 0
11.599999999999975 -0.24837359793117755 -0.008422004353628672 0.0 0
11.699999999999974 -0.24837359793117755 -0.008422004353628672 0.0 0
11.799999999999974 -0.24837359793117755 -0.008422004353628672 0.0 0
11.899999999999974 -0.24837359793117755 -0.008422004353628672 0.0 0
11.999999999999973 -0.24837359793117755 -0.008422004353628672 0.0 0
12.099999999999973 -0.24837359793117755 -0.008422004353628672 0.0 0
12.199999999999973 -0.24837359793117755 -0.008422004353628672 0.0 0
12.299999999999972 -0.24837359793117755 -0.008422004353628672 0.0 0
12.399999999999972 -0.24837359793117755 -0.008422004353628672 0.0 0
12.499999999999972 -0.24837359793117755 -0.008422004353628672 0.0 0
12.599999999999971 -0.24837359793117755 -0.008422004353628672 0.0 0
12.69999999999997 -0.24837359793117755 -0.008422004353628672 0.0 0
12.79999999999997 -0.24837359793117755 -0.008422004353628672 0.0 0
12.89999999999997 -0.24837359793117755 -0.008422004353628672 0.0 0
12.99999999999997 -0.24837359793117755 -0.008422004353628672 0.0 0
13.09999999999997 -0.24837359793117755 -0.008422004353628672 0.0 0
13.199999999999969 -0.24837359793117755 -0.008422004353628672 0.0 0
13.299999999999969 -0.24837359793117755 -0.008422004353628672 0.0 0
13.399999999999968 -0.24837359793117755 -0.008422004353628672 0.0 0
13.499999999999968 -0.24837359793117755 -0.008422004353628672 0.0 0
13.599999999999968 -0.24837359793117755 -0.008422004353628672 0.0 0
13.699999999999967 -0.24837359793117755 -0.008422004353628672 0.0 0
13.799999999999967 -0.24837359793117755 -0.008422004353628672 0.0 0
13.899999999999967 -0.24837359793117755 -0.008422004353628672 0.0 0
13.999999999999966 -0.24837359793117755 -0.008422004353628672 0.0 0
14.099999999999966 -0.24837359793117755 -0.008422004353628672 0.0 0
14.199999999999966 -0.24837359793117755 -0.008422004353628672 0.0 0
14.299999999999965 -0.24837359793117755 -0.008422004353628672 0.0 0
14.399999999999965 -0.24837359793117755 -0.008422004353628672 0.0 0
14.499999999999964 -0.24837359793117755 -0.008422004353628672 0.0 0
14.599999999999964 -0.24837359793117755 -0.008422004353628672 0.0 0
14.699999999999964 -0.24837359793117755 -0.008422004353628672 0.0 0
14.799999999999963 -0.24837359793117755 -0.008422004353628672 0.0 0
14.899999999999963 -0.24837359793117755 -0.008422004353628672 0.0 0
14.999999999999963 -0.24837359793117755 -0.008422004353628672 0.0 0
15.099999999999962 -0.24837359793117755 -0.008422004353628672 0.0 0
15.199999999999962 -0.24837359793117755 -0.008422004353628672 0.0 0
15.299999999999962 -0.24837359793117755 -0.008422004353628672 0.0 0
15.399999999999961 -0.24837359793117755 -0.008422004353628672 0.0 0
15.499999999999961 -0.24837359793117755 -0.008422004353628672 0.0 0
15.59999999999996 -0.24837359793117755 -0.008422004353628672 0.0 0
15.69999999999996 -0.24837359793117755 -0.008422004353628672 0.0 0
15.79999999999996 -0.24837359793117755 -0.008422004353628672 0.0 0
15.89999999999996 -0.24837359793117755 -0.008422004353628672 0.0 0
15.99999999999996 -0.24837359793117755 -0.008422004353628672 0.0 0
16.09999999999996 -0.24837359793117755 -0.008422004353628672 0.0 0
16.19999999999996 -0.24837359793117755 -0.008422004353628672 0.0 0
16.29999999999996 -0.24837359793117755 -0.008422004353628672 0.0 0
16.399999999999963 -0.24837359793117755 -0.008422004353628672 0.0 0
16.499999999999964 -0.24837359793117755 -0.008422004353628672 0.0 0
16.599999999999966 -0.24837359793117755 -0.008422004353628672 0.0 0
16.699999999999967 -0.24837359793117755 -0.008422004353628672 0.0 0
16.79999999999997 -0.24837359793117755 -0.008422004353628672 0.0 0
16.89999999999997 -0.24837359793117755 -0.008422004353628672 0.0 0
16.99999999999997 -0.24837359793117755 -0.008422004353628672 0.0 0
17.099999999999973 -0.24837359793117755 -0.008422004353628672 0.0 0
17.199999999999974 -0.24837359793117755 -0.008422004353628672 0.0 0
17.299999999999976 -0.24837359793117755 -0.008422004353628672 0.0 0
17.399999999999977 -0.24837359793117755 -0.008422004353628672 0.0 0
17.49999999999998 -0.24837359793117755 -0.008422004353628672 0.0 0
17.59999999999998 -0.24837359793117755 -0.008422004353628672 0.0 0
17.69999999999998 -0.24837359793117755 -0.008422004353628672 0.0 0
17.799999999999983 -0.24837359793117755 -0.008422004353628672 0.0 0
17.899999999999984 -0.24837359793117755 -0.008422004353628672 0.0 0
17.999999999999986 -0.24837359793117755 -0.008422004353628672 0.0 0
18.099999999999987 -0.24837359793117755 -0.008422004353628672 0.0 0
18.19999999999999 -0.24837359793117755 -0.008422004353628672 0.0 0
18.29999999999999 -0.24837359793117755 -0.008422004353628672 0.0 0
18.39999999999999 -0.24837359793117755 -0.008422004353628672 0.0 0
18.499999999999993 -0.24837359793117755 -0.008422004353628672 0.0 0
18.599999999999994 -0.24837359793117755 -0.008422004353628672 0.0 0
18.699999999999996 -0.24837359793117755 -0.008422004353628672 0.0 0
18.799999999999997 -0.24837359793117755 -0.008422004353628672 0.0 0
18.9 -0.24837359793117755 -0.008422004353628672 0.0 0
19.0 -0.24837359793117755 -0.008422004353628672 0.0 0
19.1 -0.24837359793117755 -0.008422004353628672 0.0 0
19.200000000000003 -0.24837359793117755 -0.008422004353628672 0.0 0
19.300000000000004 -0.24837359793117755 -0.008422004353628672 0.0 0
19.400000000000006 -0.24837359793117755 -0.008422004353628672 0.0 0
19.500000000000007 -0.24837359793117755 -0.008422004353628672 0.0 0
19.60000000000001 -0.24837359793117755 -0.008422004353628672 0.0 0
19.70000000000001 -0.24837359793117755 -0.008422004353628672 0.0 0
19.80000000000001 -0.24837359793117755 -0.008422004353628672 0.0 0
19.900000000000013 -0.24837359793117755 -0.008422004353628672 0.0 0
20.000000000000014 -0.24837359793117755 -0.008422004353628672 0.0 0
20.100000000000016 -0.24837359793117755 -0.008422004353628672 0.0 0
20.200000000000017 -0.24837359793117755 -0.008422004353628672 0.0 0
20.30000000000002 -0.24837359793117755 -0.008422004353628672 0.0 0
20.40000000000002 -0.24837359793117755 -0.008422004353628672 0.0 0
20.50000000000002 -0.24837359793117755 -0.008422004353628672 0.0 0
20.600000000000023 -0.24837359793117755 -0.008422004353628672 0.0 0
20.700000000000024 -0.24837359793117755 -0.008422004353628672 0.0 0
20.800000000000026 -0.24837359793117755 -0.008422004353628672 0.0 0
20.900000000000027 -0.24837359793117755 -0.008422004353628672 0.0 0
21.00000000000003 -0.3387338257937538 -0.00808249617627106 0.0 0
21.10000000000003 -0.3387338257937538 -0.00808249617627106 0.0 0
21.20000000000003 -0.3387338257937538 -0.00808249617627106 0.0 1
21.300000000000033 -0.3387338257937538 -0.00808249617627106 0.0 0
21.400000000000034 -0.3387338257937538 -0.00808249617627106 0.0 0
21.500000000000036 -0.3387338257937538 -0.00808249617627106 0.0 0
21.600000000000037 -0.3387338257937538 -0.00808249617627106 0.0 0
21.70000000000004 -0.3387338257937538 -0.00808249617627106 0.0 0
21.80000000000004 -0.3387338257937538 -0.00808249617627106 0.0 0
21.90000000000004 -0.3387338257937538 -0.00808249617627106 0.0 0
22.000000000000043 -0.3387338257937538 -0.00808249617627106 0.0 0
22.100000000000044 -0.3387338257937538 -0.00808249617627106 0.0 0
22.200000000000045 -0.3387338257937538 -0.00808249617627106 0.0 0
22.300000000000047 -0.3387338257937538 -0.00808249617627106 0.0 0
22.40000000000005 -0.3387338257937538 -0.00808249617627106 0.0 0
22.50000000000005 -0.3387338257937538 -0.00808249617627106 0.0 0
22.60000000000005 -0.3387338257937538 -0.00808249617627106 0.0 0
22.700000000000053 -0.3387338257937538 -0.00808249617627106 0.0 0
22.800000000000054 -0.3387338257937538 -0.00808249617627106 0.0 0
22.900000000000055 -0.3387338257937538 -0.00808249617627106 0.0 0
23.000000000000057 -0.3387338257937538 -0.00808249617627106 0.0 0
23.10000000000006 -0.3387338257937538 -0.00808249617627106 0.0 0
23.20000000000006 -0.3387338257937538 -0.00808249617627106 0.0 0
23.30000000000006 -0.3387338257937538 -0.00808249617627106 0.0 0
23.400000000000063 -0.3387338257937538 -0.00808249617627106 0.0 0
23.500000000000064 -0.3387338257937538 -0.00808249617627106 0.0 0
23.600000000000065 -0.3387338257937538 -0.00808249617627106 0.0 0
23.700000000000067 -0.3387338257937538 -0.00808249617627106 0.0 0
23.800000000000068 -0.3387338257937538 -0.00808249617627106 0.0 0
23.90000000000007 -0.3387338257937538 -0.00808249617627106 0.0 0
24.00000000000007 -0.3387338257937538 -0.00808249617627106 0.0 0
24.100000000000072 -0.3387338257937538 -0.00808249617627106 0.0 0
24.200000000000074 -0.3387338257937538 -0.00808249617627106 0.0 0
24.300000000000075 -0.3387338257937538 -0.00808249617627106 0.0 0
24.400000000000077 -0.3387338257937538 -0.00808249617627106 0.0 0
24.500000000000078 -0.3387338257937538 -0.00808249617627106 0.0 0
24.60000000000008 -0.3387338257937538 -0.00808249617627106 0.0 0
24.70000000000008 -0.3387338257937538 -0.00808249617627106 0.0 0
24.800000000000082 -0.3387338257937538 -0.00808249617627106 0.0 0
24.900000000000084 -0.3387338257937538 -0.00808249617627106 0.0 0
25.000000000000085 -0.3387338257937538 -0.00808249617627106 0.0 0
25.100000000000087 -0.3387338257937538 -0.00808249617627106 0.0 0
25.200000000000088 -0.26717942876253387 0.2044120746747148 0.0 0
25.30000000000009 -0.26717942876253387 0.2044120746747148 0.0 0
25.40000000000009 -0.26717942876253387 0.2044120746747148 0.0 0
25.500000000000092 -0.26717942876253387 0.2044120746747148 0.0 0
25.600000000000094 -0.26717942876253387 0.2044120746747148 0.0 0
25.700000000000095 -0.26717942876253387 0.2044120746747148 0.0 0
25.800000000000097 -0.26717942876253387 0.2044120746747148 0.0 0
25.900000000000098 -0.26717942876253387 0.2044120746747148 0.0 0
26.0000000000001 -0.26717942876253387 0.2044120746747148 0.0 0
26.1000000000001 -0.26717942876253387 0.2044120746747148 0.0 0
26.200000000000102 -0.26717942876253387 0.2044120746747148 0.0 0
26.300000000000104 -0.26717942876253387 0.2044120746747148 0.0 0
26.400000000000105 -0.26717942876253387 0.2044120746747148 0.0 0
26.500000000000107 -0.26717942876253387 0.2044120746747148 0.0 0
26.600000000000108 -0.26717942876253387 0.2044120746747148 0.0 0
26.70000000000011 -0.26717942876253387 0.2044120746747148 0.0 0
26.80000000000011 -0.26717942876253387 0.2044120746747148 0.0 0
26.900000000000112 -0.26717942876253387 0.2044120746747148 0.0 0
27.000000000000114 -0.26717942876253387 0.2044120746747148 0.0 0
27.100000000000115 -0.26717942876253387 0.2044120746747148 0.0 0
27.200000000000117 -0.26717942876253387 0.2044120746747148 0.0 0
27.300000000000118 -0.26717942876253387 0.2044120746747148 0.0 0
27.40000000000012 -0.26717942876253387 0.2044120746747148 0.0 0
27.50000000000012 -0.26717942876253387 0.2044120746747148 0.0 0
27.600000000000122 -0.26717942876253387 0.2044120746747148 0.0 0
27.700000000000124 -0.26717942876253387 0.2044120746747148 0.0 0
27.800000000000125 -0.26717942876253387 0.2044120746747148 0.0 0
27.900000000000126 -0.26717942876253387 0.2044120746747148 0.0 0
28.000000000000128 -0.26717942876253387 0.2044120746747148 0.0 0
28.10000000000013 -0.26717942876253387 0.2044120746747148 0.0 0
28.20000000000013 -0.26717942876253387 0.2044120746747148 0.0 0
28.300000000000132 -0.26717942876253387 0.2044120746747148 0.0 0
28.400000000000134 -0.18564975182703067 0.37145733825444893 0.0 0
28.500000000000135 -0.18564975182703067 0.37145733825444893 0.0 0
28.600000000000136 -0.18564975182703067 0.37145733825444893 0.0 0
28.700000000000138 -0.18564975182703067 0.37145733825444893 0.0 0
28.80000000000014 -0.18564975182703067 0.37145733825444893 0.0 0
28.90000000000014 -0.18564975182703067 0.37145733825444893 0.0 0
29.000000000000142 -0.18564975182703067 0.37145733825444893 0.0 0
29.100000000000144 -0.18564975182703067 0.37145733825444893 0.0 0
29.200000000000145 -0.18564975182703067 0.37145733825444893 0.0 0
29.300000000000146 -0.18564975182703067 0.37145733825444893 0.0 0
29.400000000000148 -0.18564975182703067 0.37145733825444893 0.0 0
29.50000000000015 -0.18564975182703067 0.37145733825444893 0.0 0
29.60000000000015 -0.18564975182703067 0.37145733825444893 0.0 0
29.700000000000152 -0.18564975182703067 0.37145733825444893 0.0 0
29.800000000000153 -0.18564975182703067 0.37145733825444893 0.0 0
29.900000000000155 -0.18564975182703067 0.37145733825444893 0.0 0
30.000000000000156 -0.18564975182703067 0.37145733825444893 0.0 0
30.100000000000158 -0.18564975182703067 0.37145733825444893 0.0 0
30.20000000000016 -0.18564975182703067 0.37145733825444893 0.0 0
30.30000000000016 -0.18564975182703067 0.37145733825444893 0.0 0
30.400000000000162 -0.18564975182703067 0.37145733825444893 0.0 0
30.500000000000163 -0.18564975182703067 0.37145733825444893 0.0 0
30.600000000000165 -0.18564975182703067 0.37145733825444893 0.0 0
30.700000000000166 -0.18564975182703067 0.37145733825444893 0.0 0
30.800000000000168 -0.18564975182703067 0.37145733825444893 0.0 0
30.90000000000017 -0.18564975182703067 0.37145733825444893 0.0 0
31.00000000000017 -0.18564975182703067 0.37145733825444893 0.0 0
31.100000000000172 -0.18564975182703067 0.37145733825444893 0.0 0
31.200000000000173 -0.18564975182703067 0.37145733825444893 0.0 0
31.300000000000175 -0.18564975182703067 0.37145733825444893 0.0 0
31.400000000000176 -0.18564975182703067 0.37145733825444893 0.0 0
31.500000000000178 -0.18564975182703067 0.37145733825444893 0.0 0
31.60000000000018 -0.18564975182703067 0.37145733825444893 0.0 0
31.70000000000018 -0.18564975182703067 0.37145733825444893 0.0 0
31.800000000000182 -0.18564975182703067 0.37145733825444893 0.0 0
31.900000000000183 -0.18564975182703067 0.37145733825444893 0.0 0
32.000000000000185 -0.18564975182703067 0.37145733825444893 0.0 0
32.100000000000186 -0.18564975182703067 0.37145733825444893 0.0 0
32.20000000000019 -0.18564975182703067 0.37145733825444893 0.0 0
32.30000000000019 -0.18564975182703067 0.37145733825444893 0.0 0
32.40000000000019 -0.18564975182703067 0.37145733825444893 0.0 0
32.50000000000019 -0.18564975182703067 0.37145733825444893 0.0 0
32.60000000000019 -0.18564975182703067 0.37145733825444893 0.0 0
32.700000000000195 -0.18564975182703067 0.37145733825444893 0.0 0
32.800000000000196 -0.18564975182703067 0.37145733825444893 0.0 0
32.9000000000002 -0.18564975182703067 0.37145733825444893 0.0 0
33.0000000000002 -0.180559962055702 0.4786134960478285 0.0 0
33.1000000000002 -0.180559962055702 0.4786134960478285 0.0 0
33.2000000000002 -0.180559962055702 0.4786134960478285 0.0 0
33.3000000000002 -0.180559962055702 0.4786134960478285 0.0 0
33.400000000000205 -0.180559962055702 0.4786134960478285 0.0 0
33.500000000000206 -0.180559962055702 0.4786134960478285 0.0 0
33.60000000000021 -0.22233443904598157 0.4799510789940913 0.0 0
33.70000000000021 -0.22233443904598157 0.4799510789940913 0.0 0
33.80000000000021 -0.22233443904598157 0.4799510789940913 0.0 0
33.90000000000021 -0.22233443904598157 0.4799510789940913 0.0 0
34.00000000000021 -0.22233443904598157 0.4799510789940913 0.0 0
34.100000000000215 -0.22233443904598157 0.4799510789940913 0.0 0
34.200000000000216 -0.2961093588425908 0.4783649491670506 0.0 0
34.30000000000022 -0.2961093588425908 0.4783649491670506 0.0 0
34.40000000000022 -0.2961093588425908 0.4783649491670506 0.0 0
34.50000000000022 -0.2961093588425908 0.4783649491670506 0.0 0
34.60000000000022 -0.2961093588425908 0.4783649491670506 0.0 0
34.70000000000022 -0.2961093588425908 0.4783649491670506 0.0 0
34.800000000000225 -0.2926072320462435 0.4845098304985181 0.0 0
34.900000000000226 -0.2926072320462435 0.4845098304985181 0.0 0
35.00000000000023 -0.2926072320462435 0.4845098304985181 0.0 0
35.10000000000023 -0.2926072320462435 0.4845098304985181 0.0 0
35.20000000000023 -0.2926072320462435 0.4845098304985181 0.0 0
35.30000000000023 -0.2926072320462435 0.4845098304985181 0.0 0
35.40000000000023 -0.28894298841642563 0.48431346294337274 0.0 0
35.500000000000234 -0.28894298841642563 0.48431346294337274 0.0 0
35.600000000000236 -0.28894298841642563 0.48431346294337274 0.0 0
35.70000000000024 -0.28894298841642563 0.48431346294337274 0.0 0
35.80000000000024 -0.28894298841642563 0.48431346294337274 0.0 0
35.90000000000024 -0.28894298841642563 0.48431346294337274 0.0 0
36.00000000000024 -0.2905787480313954 0.4856403385142365 0.0 0
36.10000000000024 -0.2905787480313954 0.4856403385142365 0.0 0
36.200000000000244 -0.2905787480313954 0.4856403385142365 0.0 1
36.300000000000246 -0.2905787480313954 0.4856403385142365 0.0 0
36.40000000000025 -0.2905787480313954 0.4856403385142365 0.0 0
36.50000000000025 -0.2905787480313954 0.4856403385142365 0.0 0
36.60000000000025 -0.29332736934467374 0.47803703974136497 0.0 0
36.70000000000025 -0.29332736934467374 0.47803703974136497 0.0 0
36.80000000000025 -0.29332736934467374 0.47803703974136497 0.0 0
36.900000000000254 -0.29332736934467374 0.47803703974136497 0.0 0
37.000000000000256 -0.29332736934467374 0.47803703974136497 0.0 0
37.10000000000026 -0.29332736934467374 0.47803703974136497 0.0 0
37.20000000000026 -0.29332736934467374 0.47803703974136497 0.0 0
37.30000000000026 -0.29332736934467374 0.47803703974136497 0.0 0
37.40000000000026 -0.29332736934467374 0.47803703974136497 0.0 0
37.50000000000026 -0.29332736934467374 0.47803703974136497 0.0 0
37.600000000000264 -0.29332736934467374 0.47803703974136497 0.0 0
37.700000000000266 -0.29332736934467374 0.47803703974136497 0.0 0
37.80000000000027 -0.29332736934467374 0.47803703974136497 0.0 0
37.90000000000027 -0.29332736934467374 0.47803703974136497 0.0 0
38.00000000000027 -0.29332736934467374 0.47803703974136497 0.0 0
38.10000000000027 -0.29332736934467374 0.47803703974136497 0.0 0
38.20000000000027 -0.29332736934467374 0.47803703974136497 0.0 0
38.300000000000274 -0.29332736934467374 0.47803703974136497 0.0 0
38.400000000000276 -0.29332736934467374 0.47803703974136497 0.0 0
38.50000000000028 -0.29332736934467374 0.47803703974136497 0.0 0
38.60000000000028 -0.29332736934467374 0.47803703974136497 0.0 0
38.70000000000028 -0.29332736934467374 0.47803703974136497 0.0 0
38.80000000000028 -0.29332736934467374 0.47803703974136497 0.0 0
38.90000000000028 -0.29332736934467374 0.47803703974136497 0.0 0
39.000000000000284 -0.29332736934467374 0.47803703974136497 0.0 0
39.100000000000286 -0.29332736934467374 0.47803703974136497 0.0 0
39.20000000000029 -0.29332736934467374 0.47803703974136497 0.0 0
39.30000000000029 -0.29332736934467374 0.47803703974136497 0.0 0
39.40000000000029 -0.29332736934467374 0.47803703974136497 0.0 0
39.50000000000029 -0.29332736934467374 0.47803703974136497 0.0 0
39.60000000000029 -0.29332736934467374 0.47803703974136497 0.0 0
39.700000000000294 -0.29332736934467374 0.47803703974136497 0.0 0
39.800000000000296 -0.29332736934467374 0.47803703974136497 0.0 0
39.9000000000003 -0.29332736934467374 0.47803703974136497 0.0 0
40.0000000000003 -0.29332736934467374 0.47803703974136497 0.0 0
40.1000000000003 -0.29332736934467374 0.47803703974136497 0.0 0
40.2000000000003 -0.29332736934467374 0.47803703974136497 0.0 0
40.3000000000003 -0.29332736934467374 0.47803703974136497 0.0 0
40.400000000000304 -0.29332736934467374 0.47803703974136497 0.0 0
40.500000000000306 -0.29332736934467374 0.47803703974136497 0.0 0
40.60000000000031 -0.29332736934467374 0.47803703974136497 0.0 0
40.70000000000031 -0.29332736934467374 0.47803703974136497 0.0 0
40.80000000000031 -0.24144746210130108 0.42416231478818267 0.0 0
40.90000000000031 -0.24144746210130108 0.42416231478818267 0.0 0
41.00000000000031 -0.24144746210130108 0.42416231478818267 0.0 0
41.100000000000314 -0.24144746210130108 0.42416231478818267 0.0 0
41.200000000000315 -0.24144746210130108 0.42416231478818267 0.0 0
41.30000000000032 -0.24144746210130108 0.42416231478818267 0.0 0
41.40000000000032 -0.24144746210130108 0.42416231478818267 0.0 0
41.50000000000032 -0.24144746210130108 0.42416231478818267 0.0 0
41.60000000000032 -0.24144746210130108 0.42416231478818267 0.0 0
41.70000000000032 -0.24144746210130108 0.42416231478818267 0.0 0
41.800000000000324 -0.24144746210130108 0.42416231478818267 0.0 0
41.900000000000325 -0.24144746210130108 0.42416231478818267 0.0 0
42.00000000000033 -0.2467495697706018 0.42231516328125546 0.0 0
42.10000000000033 -0.2467495697706018 0.42231516328125546 0.0 0
42.20000000000033 -0.2467495697706018 0.42231516328125546 0.0 0
42.30000000000033 -0.2467495697706018 0.42231516328125546 0.0 0
42.40000000000033 -0.2467495697706018 0.42231516328125546 0.0 0
42.500000000000334 -0.2467495697706018 0.42231516328125546 0.0 0
42.600000000000335 -0.2467495697706018 0.42231516328125546 0.0 0
42.70000000000034 -0.2467495697706018 0.42231516328125546 0.0 0
42.80000000000034 -0.2467495697706018 0.42231516328125546 0.0 0
42.90000000000034 -0.2467495697706018 0.42231516328125546 0.0 0
43.00000000000034 -0.2467495697706018 0.42231516328125546 0.0 0
43.10000000000034 -0.2467495697706018 0.42231516328125546 0.0 0
43.200000000000344 -0.2467495697706018 0.42231516328125546 0.0 0
43.300000000000345 -0.2467495697706018 0.42231516328125546 0.0 0
43.40000000000035 -0.2467495697706018 0.42231516328125546 0.0 0
43.50000000000035 -0.2467495697706018 0.42231516328125546 0.0 0
43.60000000000035 -0.2467495697706018 0.42231516328125546 0.0 0
43.70000000000035 -0.2467495697706018 0.42231516328125546 0.0 0
43.80000000000035 -0.2467495697706018 0.42231516328125546 0.0 0
43.900000000000354 -0.2467495697706018 0.42231516328125546 0.0 0
44.000000000000355 -0.2467495697706018 0.42231516328125546 0.0 0
44.10000000000036 -0.2467495697706018 0.42231516328125546 0.0 0
44.20000000000036 -0.2467495697706018 0.42231516328125546 0.0 0
44.30000000000036 -0.2467495697706018 0.42231516328125546 0.0 0
44.40000000000036 -0.2467495697706018 0.42231516328125546 0.0 0
44.50000000000036 -0.2467495697706018 0.42231516328125546 0.0 0
44.600000000000364 -0.23526245455657074 0.3757627023570359 0.0 0
44.700000000000365 -0.23526245455657074 0.3757627023570359 0.0 0
44.80000000000037 -0.23526245455657074 0.3757627023570359 0.0 0
44.90000000000037 -0.23526245455657074 0.3757627023570359 0.0 0
45.00000000000037 -0.23526245455657074 0.3757627023570359 0.0 0
45.10000000000037 -0.23526245455657074 0.3757627023570359 0.0 0
45.20000000000037 -0.23526245455657074 0.3757627023570359 0.0 0
45.300000000000374 -0.23526245455657074 0.3757627023570359 0.0 0
45.400000000000375 -0.23526245455657074 0.3757627023570359 0.0 0
45.50000000000038 -0.23526245455657074 0.3757627023570359 0.0 0
45.60000000000038 -0.23526245455657074 0.3757627023570359 0.0 0
45.70000000000038 -0.23526245455657074 0.3757627023570359 0.0 0
45.80000000000038 -0.23526245455657074 0.3757627023570359 0.0 0
45.90000000000038 -0.23526245455657074 0.3757627023570359 0.0 0
46.000000000000384 -0.18252685596793033 0.13880890675813748 0.0 0
46.100000000000385 -0.18252685596793033 0.13880890675813748 0.0 0
46.20000000000039 -0.18252685596793033 0.13880890675813748 0.0 0
46.30000000000039 -0.18252685596793033 0.13880890675813748 0.0 0
46.40000000000039 -0.18252685596793033 0.13880890675813748 0.0 0
46.50000000000039 -0.18252685596793033 0.13880890675813748 0.0 0
46.60000000000039 -0.18252685596793033 0.13880890675813748 0.0 0
46.700000000000394 -0.18252685596793033 0.13880890675813748 0.0 0
46.800000000000395 -0.18252685596793033 0.13880890675813748 0.0 0
46.9000000000004 -0.18252685596793033 0.13880890675813748 0.0 0
47.0000000000004 -0.12886906099149867 -0.09135901867127288 0.0 0
47.1000000000004 -0.12886906099149867 -0.09135901867127288 0.0 0
47.2000000000004 -0.12886906099149867 -0.09135901867127288 0.0 0
47.3000000000004 -0.12886906099149867 -0.09135901867127288 0.0 0
47.400000000000404 -0.11144697994672993 -0.13577174156935015 0.0 0
47.500000000000405 -0.11144697994672993 -0.13577174156935015 0.0 0
47.600000000000406 -0.11144697994672993 -0.13577174156935015 0.0 0
47.70000000000041 -0.11144697994672993 -0.13577174156935015 0.0 0
47.80000000000041 -0.09077895118874722 -0.15824147390893037 0.0 0
47.90000000000041 -0.09077895118874722 -0.15824147390893037 0.0 0
48.00000000000041 -0.09077895118874722 -0.15824147390893037 0.0 0
48.10000000000041 -0.09077895118874722 -0.15824147390893037 0.0 0
48.200000000000415 -0.09077895118874722 -0.15824147390893037 0.0 0
48.300000000000416 -0.09077895118874722 -0.15824147390893037 0.0 0
48.40000000000042 -0.09077895118874722 -0.15824147390893037 0.0 0
48.50000000000042 -0.09077895118874722 -0.15824147390893037 0.0 0
48.60000000000042 -0.09077895118874722 -0.15824147390893037 0.0 0
48.70000000000042 -0.09077895118874722 -0.15824147390893037 0.0 0
48.80000000000042 -0.09077895118874722 -0.15824147390893037 0.0 0
48.900000000000425 -0.09077895118874722 -0.15824147390893037 0.0 0
49.000000000000426 -0.09077895118874722 -0.15824147390893037 0.0 0
49.10000000000043 -0.09077895118874722 -0.15824147390893037 0.0 0
49.20000000000043 -0.09077895118874722 -0.15824147390893037 0.0 0
49.30000000000043 -0.09077895118874722 -0.15824147390893037 0.0 0
49.40000000000043 -0.09077895118874722 -0.15824147390893037 0.0 0
49.50000000000043 -0.09077895118874722 -0.15824147390893037 0.0 0
49.600000000000435 -0.09077895118874722 -0.15824147390893037 0.0 0
49.700000000000436 -0.09077895118874722 -0.15824147390893037 0.0 0
49.80000000000044 -0.07627131629525168 -0.17006739114551447 0.0 0
49.90000000000044 -0.07627131629525168 -0.17006739114551447 0.0 0
50.00000000000044 -0.07627131629525168 -0.17006739114551447 0.0 0
50.10000000000044 -0.07627131629525168 -0.17006739114551447 0.0 0
50.20000000000044 -0.07567372061599104 -0.17076959618942927 0.0 0
50.300000000000445 -0.07567372061599104 -0.17076959618942927 0.0 0
50.400000000000446 -0.07567372061599104 -0.17076959618942927 0.0 0
50.50000000000045 -0.07567372061599104 -0.17076959618942927 0.0 0
50.60000000000045 -0.07655268492428575 -0.17533166563709582 0.0 0
50.70000000000045 -0.07655268492428575 -0.17533166563709582 0.0 0
50.80000000000045 -0.07655268492428575 -0.17533166563709582 0.0 0
50.90000000000045 -0.07655268492428575 -0.17533166563709582 0.0 0
51.000000000000455 -0.07407036635056088 -0.18111735432219714 0.0 0
51.100000000000456 -0.07407036635056088 -0.18111735432219714 0.0 0
51.20000000000046 -0.07407036635056088 -0.18111735432219714 0.0 0
51.30000000000046 -0.07407036635056088 -0.18111735432219714 0.0 0
51.40000000000046 -0.07407036635056088 -0.18111735432219714 0.0 0
51.50000000000046 -0.07407036635056088 -0.18111735432219714 0.0 0
51.60000000000046 -0.07407036635056088 -0.18111735432219714 0.0 0
51.700000000000465 -0.07407036635056088 -0.18111735432219714 0.0 0
51.800000000000466 -0.07407036635056088 -0.18111735432219714 0.0 0
51.90000000000047 -0.07407036635056088 -0.18111735432219714 0.0 0
52.00000000000047 -0.07407036635056088 -0.18111735432219714 0.0 0
52.10000000000047 -0.07407036635056088 -0.18111735432219714 0.0 0
52.20000000000047 -0.07407036635056088 -0.18111735432219714 0.0 0
52.30000000000047 -0.07407036635056088 -0.18111735432219714 0.0 0
52.400000000000475 -0.07407036635056088 -0.18111735432219714 0.0 0
52.500000000000476 -0.07407036635056088 -0.18111735432219714 0.0 0
52.60000000000048 -0.07407036635056088 -0.18111735432219714 0.0 0
52.70000000000048 -0.07407036635056088 -0.18111735432219714 0.0 0
52.80000000000048 -0.07407036635056088 -0.18111735432219714 0.0 0
52.90000000000048 -0.07407036635056088 -0.18111735432219714 0.0 0
53.00000000000048 -0.07407036635056088 -0.18111735432219714 0.0 0
53.100000000000485 -0.07407036635056088 -0.18111735432219714 0.0 0
53.200000000000486 -0.07407036635056088 -0.18111735432219714 0.0 0
53.30000000000049 -0.07407036635056088 -0.18111735432219714 0.0 0
53.40000000000049 -0.07407036635056088 -0.18111735432219714 0.0 0
53.50000000000049 -0.07407036635056088 -0.18111735432219714 0.0 0
53.60000000000049 -0.07407036635056088 -0.18111735432219714 0.0 0
53.70000000000049 -0.07407036635056088 -0.18111735432219714 0.0 0
53.800000000000495 -0.07407036635056088 -0.18111735432219714 0.0 0
53.900000000000496 -0.07407036635056088 -0.18111735432219714 0.0 0
54.0000000000005 -0.07407036635056088 -0.18111735432219714 0.0 0
54.1000000000005 -0.07407036635056088 -0.18111735432219714 0.0 0
54.2000000000005 -0.07407036635056088 -0.18111735432219714 0.0 0
54.3000000000005 -0.07407036635056088 -0.18111735432219714 0.0 0
54.4000000000005 -0.07407036635056088 -0.18111735432219714 0.0 0
54.500000000000504 -0.07407036635056088 -0.18111735432219714 0.0 0
54.600000000000506 -0.07407036635056088 -0.18111735432219714 0.0 0
54.70000000000051 -0.07407036635056088 -0.18111735432219714 0.0 0
54.80000000000051 -0.07407036635056088 -0.18111735432219714 0.0 0
54.90000000000051 -0.07407036635056088 -0.18111735432219714 0.0 0
55.00000000000051 -0.14583886659911782 -0.4195791588225468 0.0 0
55.10000000000051 -0.14583886659911782 -0.4195791588225468 0.0 0
55.200000000000514 -0.14583886659911782 -0.4195791588225468 0.0 0
55.300000000000516 -0.14583886659911782 -0.4195791588225468 0.0 0
55.40000000000052 -0.14583886659911782 -0.4195791588225468 0.0 0
55.50000000000052 -0.14583886659911782 -0.4195791588225468 0.0 0
55.60000000000052 -0.14583886659911782 -0.4195791588225468 0.0 0
55.70000000000052 -0.14583886659911782 -0.4195791588225468 0.0 0
55.80000000000052 -0.14583886659911782 -0.4195791588225468 0.0 0
55.900000000000524 -0.14583886659911782 -0.4195791588225468 0.0 0
56.000000000000526 -0.21987368639545726 -0.6658951576174374 0.0 0
56.10000000000053 -0.21987368639545726 -0.6658951576174374 0.0 0
56.20000000000053 -0.21987368639545726 -0.6658951576174374 0.0 0
56.30000000000053 -0.21987368639545726 -0.6658951576174374 0.0 0
56.40000000000053 -0.21987368639545726 -0.6658951576174374 0.0 0
56.50000000000053 -0.21987368639545726 -0.6658951576174374 0.0 0
56.600000000000534 -0.21987368639545726 -0.6658951576174374 0.0 0
56.700000000000536 -0.21987368639545726 -0.6658951576174374 0.0 0
56.80000000000054 -0.21987368639545726 -0.6658951576174374 0.0 0
56.90000000000054 -0.21987368639545726 -0.6658951576174374 0.0 0
57.00000000000054 -0.29626909079836694 -0.9107941421543229 0.0 0
57.10000000000054 -0.29626909079836694 -0.9107941421543229 0.0 0
57.20000000000054 -0.29626909079836694 -0.9107941421543229 0.0 0
57.300000000000544 -0.29626909079836694 -0.9107941421543229 0.0 0
57.400000000000546 -0.29626909079836694 -0.9107941421543229 0.0 0
57.50000000000055 -0.29626909079836694 -0.9107941421543229 0.0 0
57.60000000000055 -0.29626909079836694 -0.9107941421543229 0.0 0
57.70000000000055 -0.29626909079836694 -0.9107941421543229 0.0 0
57.80000000000055 -0.29626909079836694 -0.9107941421543229 0.0 0
57.90000000000055 -0.29626909079836694 -0.9107941421543229 0.0 0
58.000000000000554 -0.29626909079836694 -0.9107941421543229 0.0 0
58.100000000000556 -0.29626909079836694 -0.9107941421543229 0.0 0
58.20000000000056 -0.29626909079836694 -0.9107941421543229 0.0 0
58.30000000000056 -0.29626909079836694 -0.9107941421543229 0.0 0
58.40000000000056 -0.29626909079836694 -0.9107941421543229 0.0 0
58.50000000000056 -0.29626909079836694 -0.9107941421543229 0.0 0
58.60000000000056 -0.29626909079836694 -0.9107941421543229 0.0 0
58.700000000000564 -0.29626909079836694 -0.9107941421543229 0.0 0
58.800000000000566 -0.29626909079836694 -0.9107941421543229 0.0 0
58.90000000000057 -0.29626909079836694 -0.9107941421543229 0.0 0
59.00000000000057 -0.29626909079836694 -0.9107941421543229 0.0 0
59.10000000000057 -0.29626909079836694 -0.9107941421543229 0.0 0
59.20000000000057 -0.29626909079836694 -0.9107941421543229 0.0 0
59.30000000000057 -0.29626909079836694 -0.9107941421543229 0.0 0
59.400000000000574 -0.29626909079836694 -0.9107941421543229 0.0 0
59.500000000000576 -0.29626909079836694 -0.9107941421543229 0.0 0
59.60000000000058 -0.29626909079836694 -0.9107941421543229 0.0 0
59.70000000000058 -0.29626909079836694 -0.9107941421543229 0.0 0
59.80000000000058 -0.29626909079836694 -0.9107941421543229 0.0 0
59.90000000000058 -0.29626909079836694 -0.9107941421543229 0.0 0
60.00000000000058 -0.29626909079836694 -0.9107941421543229 0.0 0
60.100000000000584 -0.29626909079836694 -0.9107941421543229 0.0 0
60.200000000000585 -0.29626909079836694 -0.9107941421543229 0.0 0
60.30000000000059 -0.29626909079836694 -0.9107941421543229 0.0 0
60.40000000000059 -0.29626909079836694 -0.9107941421543229 0.0 0
60.50000000000059 -0.29626909079836694 -0.9107941421543229 0.0 0
60.60000000000059 -0.29626909079836694 -0.9107941421543229 0.0 0
60.70000000000059 -0.29626909079836694 -0.9107941421543229 0.0 0
60.800000000000594 -0.29626909079836694 -0.9107941421543229 0.0 0
60.900000000000595 -0.29626909079836694 -0.9107941421543229 0.0 0
61.0000000000006 -0.32416987498276173 -1.0043551016869892 0.0 0
61.1000000000006 -0.32416987498276173 -1.0043551016869892 0.0 0
61.2000000000006 -0.32416987498276173 -1.0043551016869892 0.0 0
61.3000000000006 -0.32416987498276173 -1.0043551016869892 0.0 0
61.4000000000006 -0.32416987498276173 -1.0043551016869892 0.0 0
61.500000000000604 -0.32416987498276173 -1.0043551016869892 0.0 0
61.600000000000605 -0.32416987498276173 -1.0043551016869892 0.0 0
61.70000000000061 -0.32416987498276173 -1.0043551016869892 0.0 0
61.80000000000061 -0.32416987498276173 -1.0043551016869892 0.0 0
61.90000000000061 -0.32416987498276173 -1.0043551016869892 0.0 0
62.00000000000061 -0.3280837443835138 -1.0046810343435515 0.0 0
62.10000000000061 -0.3280837443835138 -1.0046810343435515 0.0 0
62.200000000000614 -0.3280837443835138 -1.0046810343435515 0.0 0
62.300000000000615 -0.3280837443835138 -1.0046810343435515 0.0 0
62.40000000000062 -0.3280837443835138 -1.0046810343435515 0.0 0
62.50000000000062 -0.3280837443835138 -1.0046810343435515 0.0 0
62.60000000000062 -0.3280837443835138 -1.0046810343435515 0.0 0
62.70000000000062 -0.3280837443835138 -1.0046810343435515 0.0 0
62.80000000000062 -0.3317143975035999 -1.0082858066555762 0.0 0
62.900000000000624 -0.3317143975035999 -1.0082858066555762 0.0 0
63.000000000000625 -0.3317143975035999 -1.0082858066555762 0.0 0
63.10000000000063 -0.3317143975035999 -1.0082858066555762 0.0 0
63.20000000000063 -0.3317143975035999 -1.0082858066555762 0.0 0
63.30000000000063 -0.3317143975035999 -1.0082858066555762 0.0 0
63.40000000000063 -0.3385617090326496 -1.0179252540125445 0.0 0
63.50000000000063 -0.3385617090326496 -1.0179252540125445 0.0 0
63.600000000000634 -0.3385617090326496 -1.0179252540125445 0.0 0
63.700000000000635 -0.3385617090326496 -1.0179252540125445 0.0 0
63.80000000000064 -0.3385617090326496 -1.0179252540125445 0.0 0
63.90000000000064 -0.3385617090326496 -1.0179252540125445 0.0 0
64.00000000000064 -0.33876992649046567 -1.016701892336826 0.0 0
64.10000000000063 -0.33876992649046567 -1.016701892336826 0.0 0
64.20000000000063 -0.33876992649046567 -1.016701892336826 0.0 0
64.30000000000062 -0.33876992649046567 -1.016701892336826 0.0 0
64.40000000000062 -0.33876992649046567 -1.016701892336826 0.0 0
64.50000000000061 -0.33876992649046567 -1.016701892336826 0.0 0
64.6000000000006 -0.33763310323422674 -1.0161537544438675 0.0 0
64.7000000000006 -0.33763310323422674 -1.0161537544438675 0.0 0
64.8000000000006 -0.33763310323422674 -1.0161537544438675 0.0 0
64.90000000000059 -0.33763310323422674 -1.0161537544438675 0.0 0
65.00000000000058 -0.33763310323422674 -1.0161537544438675 0.0 0
65.10000000000058 -0.33763310323422674 -1.0161537544438675 0.0 0
65.20000000000057 -0.34018715303197017 -1.0188515448562325 0.0 0
65.30000000000057 -0.34018715303197017 -1.0188515448562325 0.0 0
65.40000000000056 -0.34018715303197017 -1.0188515448562325 0.0 0
65.50000000000055 -0.34018715303197017 -1.0188515448562325 0.0 0
65.60000000000055 -0.34018715303197017 -1.0188515448562325 0.0 0
65.70000000000054 -0.34018715303197017 -1.0188515448562325 0.0 0
65.80000000000054 -0.34018715303197017 -1.0188515448562325 0.0 0
65.90000000000053 -0.34018715303197017 -1.0188515448562325 0.0 0
66.00000000000053 -0.34018715303197017 -1.0188515448562325 0.0 0
66.10000000000052 -0.34018715303197017 -1.0188515448562325 0.0 0
66.20000000000051 -0.34018715303197017 -1.0188515448562325 0.0 0
66.30000000000051 -0.34018715303197017 -1.0188515448562325 0.0 0
66.4000000000005 -0.34018715303197017 -1.0188515448562325 0.0 0
66.5000000000005 -0.34018715303197017 -1.0188515448562325 0.0 0
66.60000000000049 -0.34018715303197017 -1.0188515448562325 0.0 0
66.70000000000049 -0.34018715303197017 -1.0188515448562325 0.0 0
66.80000000000048 -0.34018715303197017 -1.0188515448562325 0.0 0
66.90000000000047 -0.34018715303197017 -1.0188515448562325 0.0 0
67.00000000000047 -0.34018715303197017 -1.0188515448562325 0.0 0
67.10000000000046 -0.34018715303197017 -1.0188515448562325 0.0 0
67.20000000000046 -0.34018715303197017 -1.0188515448562325 0.0 0
67.30000000000045 -0.34018715303197017 -1.0188515448562325 0.0 0
67.40000000000045 -0.34018715303197017 -1.0188515448562325 0.0 0
67.50000000000044 -0.34018715303197017 -1.0188515448562325 0.0 0
67.60000000000043 -0.34018715303197017 -1.0188515448562325 0.0 0
67.70000000000043 -0.34018715303197017 -1.0188515448562325 0.0 0
67.80000000000042 -0.34018715303197017 -1.0188515448562325 0.0 0
67.90000000000042 -0.34018715303197017 -1.0188515448562325 0.0 0
68.00000000000041 -0.34018715303197017 -1.0188515448562325 0.0 0
68.1000000000004 -0.34018715303197017 -1.0188515448562325 0.0 0
68.2000000000004 -0.34018715303197017 -1.0188515448562325 0.0 0
68.3000000000004 -0.34018715303197017 -1.0188515448562325 0.0 0
68.40000000000039 -0.34018715303197017 -1.0188515448562325 0.0 0
68.50000000000038 -0.34018715303197017 -1.0188515448562325 0.0 0
68.60000000000038 -0.34018715303197017 -1.0188515448562325 0.0 0
68.70000000000037 -0.34018715303197017 -1.0188515448562325 0.0 0
68.80000000000037 -0.34018715303197017 -1.0188515448562325 0.0 0
68.90000000000036 -0.34018715303197017 -1.0188515448562325 0.0 0
69.00000000000036 -0.5584570399411664 -0.8555482986637665 0.0 0
69.10000000000035 -0.5584570399411664 -0.8555482986637665 0.0 0
69.20000000000034 -0.5584570399411664 -0.8555482986637665 0.0 0
69.30000000000034 -0.5584570399411664 -0.8555482986637665 0.0 0
69.40000000000033 -0.5584570399411664 -0.8555482986637665 0.0 0
69.50000000000033 -0.5584570399411664 -0.8555482986637665 0.0 0
69.60000000000032 -0.5584570399411664 -0.8555482986637665 0.0 0
69.70000000000032 -0.5584570399411664 -0.8555482986637665 0.0 0
69.80000000000031 -0.5584570399411664 -0.8555482986637665 0.0 0
69.9000000000003 -0.5584570399411664 -0.8555482986637665 0.0 0
70.0000000000003 -0.5584570399411664 -0.8555482986637665 0.0 0
70.10000000000029 -0.5584570399411664 -0.8555482986637665 0.0 0
70.20000000000029 -0.7850747362056986 -0.6809883127709161 0.0 0
70.30000000000028 -0.7850747362056986 -0.6809883127709161 0.0 0
70.40000000000028 -0.7850747362056986 -0.6809883127709161 0.0 0
70.50000000000027 -0.7850747362056986 -0.6809883127709161 0.0 0
70.60000000000026 -0.7850747362056986 -0.6809883127709161 0.0 0
70.70000000000026 -0.7850747362056986 -0.6809883127709161 0.0 0
70.80000000000025 -0.7850747362056986 -0.6809883127709161 0.0 0
70.90000000000025 -0.7850747362056986 -0.6809883127709161 0.0 0
71.00000000000024 -0.7850747362056986 -0.6809883127709161 0.0 0
71.10000000000024 -0.7850747362056986 -0.6809883127709161 0.0 0
71.20000000000023 -0.7850747362056986 -0.6809883127709161 0.0 0
71.30000000000022 -0.7850747362056986 -0.6809883127709161 0.0 0
71.40000000000022 -0.7850747362056986 -0.6809883127709161 0.0 0
71.50000000000021 -0.7850747362056986 -0.6809883127709161 0.0 0
71.60000000000021 -0.7850747362056986 -0.6809883127709161 0.0 0
71.7000000000002 -0.7850747362056986 -0.6809883127709161 0.0 0
71.8000000000002 -0.7850747362056986 -0.6809883127709161 0.0 0
71.90000000000019 -0.7850747362056986 -0.6809883127709161 0.0 0
72.00000000000018 -0.7850747362056986 -0.6809883127709161 0.0 0
72.10000000000018 -0.7850747362056986 -0.6809883127709161 0.0 0
72.20000000000017 -0.7850747362056986 -0.6809883127709161 0.0 0
72.30000000000017 -0.7850747362056986 -0.6809883127709161 0.0 0
72.40000000000016 -0.7850747362056986 -0.6809883127709161 0.0 0
72.50000000000016 -0.7850747362056986 -0.6809883127709161 0.0 0
72.60000000000015 -0.7850747362056986 -0.6809883127709161 0.0 0
72.70000000000014 -0.7850747362056986 -0.6809883127709161 0.0 0
72.80000000000014 -0.7850747362056986 -0.6809883127709161 0.0 0
72.90000000000013 -0.7850747362056986 -0.6809883127709161 0.0 0
73.00000000000013 -0.7850747362056986 -0.6809883127709161 0.0 0
73.10000000000012 -0.7850747362056986 -0.6809883127709161 0.0 0
73.20000000000012 -0.9474960246800928 -0.5726268674855719 0.0 0
73.30000000000011 -0.9474960246800928 -0.5726268674855719 0.0 0
73.4000000000001 -0.9474960246800928 -0.5726268674855719 0.0 0
73.5000000000001 -0.9474960246800928 -0.5726268674855719 0.0 0
73.6000000000001 -0.9474960246800928 -0.5726268674855719 0.0 0
73.70000000000009 -0.9474960246800928 -0.5726268674855719 0.0 0
73.80000000000008 -0.9474960246800928 -0.5726268674855719 0.0 0
73.90000000000008 -0.9474960246800928 -0.5726268674855719 0.0 0
74.00000000000007 -0.909590520232556 -0.5893636937247966 0.0 0
74.10000000000007 -0.909590520232556 -0.5893636937247966 0.0 0
74.20000000000006 -0.909590520232556 -0.5893636937247966 0.0 0
74.30000000000005 -0.909590520232556 -0.5893636937247966 0.0 0
74.40000000000005 -0.909590520232556 -0.5893636937247966 0.0 0
74.50000000000004 -0.909590520232556 -0.5893636937247966 0.0 0
74.60000000000004 -0.909590520232556 -0.5893636937247966 0.0 0
74.70000000000003 -0.909590520232556 -0.5893636937247966 0.0 0
74.80000000000003 -0.909590520232556 -0.5893636937247966 0.0 0
74.90000000000002 -0.909590520232556 -0.5893636937247966 0.0 0
75.00000000000001 -0.909590520232556 -0.5893636937247966 0.0 0
75.10000000000001 -0.909590520232556 -0.5893636937247966 0.0 0
75.2 -0.909590520232556 -0.5893636937247966 0.0 0
75.3 -0.909590520232556 -0.5893636937247966 0.0 0
75.39999999999999 -0.909590520232556 -0.5893636937247966 0.0 0
75.49999999999999 -0.909590520232556 -0.5893636937247966 0.0 0
75.59999999999998 -0.902105412440262 -0.5919852123431021 0.0 0
75.69999999999997 -0.902105412440262 -0.5919852123431021 0.0 0
75.79999999999997 -0.902105412440262 -0.5919852123431021 0.0 0
75.89999999999996 -0.902105412440262 -0.5919852123431021 0.0 0
75.99999999999996 -0.902105412440262 -0.5919852123431021 0.0 0
76.09999999999995 -0.902105412440262 -0.5919852123431021 0.0 0
76.19999999999995 -0.9128581379248552 -0.5926326133027765 0.0 0
76.29999999999994 -0.9128581379248552 -0.5926326133027765 0.0 0
76.39999999999993 -0.9128581379248552 -0.5926326133027765 0.0 0
76.49999999999993 -0.9128581379248552 -0.5926326133027765 0.0 0
76.59999999999992 -0.9128581379248552 -0.5926326133027765 0.0 0
76.69999999999992 -0.9128581379248552 -0.5926326133027765 0.0 0
76.79999999999991 -0.9128581379248552 -0.5926326133027765 0.0 0
76.8999999999999 -0.9128581379248552 -0.5926326133027765 0.0 0
76.9999999999999 -0.9258479852300587 -0.5983118559983346 0.0 0
77.0999999999999 -0.9258479852300587 -0.5983118559983346 0.0 0
77.19999999999989 -0.9258479852300587 -0.5983118559983346 0.0 0
77.29999999999988 -0.9258479852300587 -0.5983118559983346 0.0 0
77.39999999999988 -0.9258479852300587 -0.5983118559983346 0.0 0
77.49999999999987 -0.9258479852300587 -0.5983118559983346 0.0 0
77.59999999999987 -0.9258479852300587 -0.5983118559983346 0.0 0
77.69999999999986 -0.9258479852300587 -0.5983118559983346 0.0 0
77.79999999999986 -0.9258479852300587 -0.5983118559983346 0.0 0
77.89999999999985 -0.9258479852300587 -0.5983118559983346 0.0 0
77.99999999999984 -0.9258479852300587 -0.5983118559983346 0.0 0
78.09999999999984 -0.9258479852300587 -0.5983118559983346 0.0 0
78.19999999999983 -0.9258479852300587 -0.5983118559983346 0.0 0
78.29999999999983 -0.9258479852300587 -0.5983118559983346 0.0 0
78.39999999999982 -0.9258479852300587 -0.5983118559983346 0.0 0
78.49999999999982 -0.9258479852300587 -0.5983118559983346 0.0 0
78.59999999999981 -0.9258479852300587 -0.5983118559983346 0.0 0
78.6999999999998 -0.9258479852300587 -0.5983118559983346 0.0 0
78.7999999999998 -0.9678991160227376 -0.6157985423561846 0.0 0
78.89999999999979 -0.9678991160227376 -0.6157985423561846 0.0 0
78.99999999999979 -0.9678991160227376 -0.6157985423561846 0.0 0
79.09999999999978 -0.9678991160227376 -0.6157985423561846 0.0 0
79.19999999999978 -0.9678991160227376 -0.6157985423561846 0.0 0
79.29999999999977 -0.9678991160227376 -0.6157985423561846 0.0 0
79.39999999999976 -0.9678991160227376 -0.6157985423561846 0.0 0
79.49999999999976 -0.9678991160227376 -0.6157985423561846 0.0 0
79.59999999999975 -1.0077032306913092 -0.6228472522349644 0.0 0
79.69999999999975 -1.0077032306913092 -0.6228472522349644 0.0 0
79.79999999999974 -1.0077032306913092 -0.6228472522349644 0.0 0
79.89999999999974 -1.0077032306913092 -0.6228472522349644 0.0 0
79.99999999999973 -1.0077032306913092 -0.6228472522349644 0.0 0
80.09999999999972 -1.0077032306913092 -0.6228472522349644 0.0 0
80.19999999999972 -1.0077032306913092 -0.6228472522349644 0.0 0
80.29999999999971 -1.0077032306913092 -0.6228472522349644 0.0 0
80.39999999999971 -1.0077032306913092 -0.6228472522349644 0.0 0
80.4999999999997 -1.0077032306913092 -0.6228472522349644 0.0 0
80.5999999999997 -1.0077032306913092 -0.6228472522349644 0.0 0
80.69999999999969 -1.0077032306913092 -0.6228472522349644 0.0 0
80.79999999999968 -1.0077032306913092 -0.6228472522349644 0.0 0
80.89999999999968 -1.0077032306913092 -0.6228472522349644 0.0 0
80.99999999999967 -1.0077032306913092 -0.6228472522349644 0.0 0
81.09999999999967 -1.0077032306913092 -0.6228472522349644 0.0 0
81.19999999999966 -1.0077032306913092 -0.6228472522349644 0.0 0
81.29999999999966 -1.0077032306913092 -0.6228472522349644 0.0 0
81.39999999999965 -1.0077032306913092 -0.6228472522349644 0.0 0
81.49999999999964 -1.0077032306913092 -0.6228472522349644 0.0 0
81.59999999999964 -1.0077032306913092 -0.6228472522349644 0.0 0
81.69999999999963 -1.0077032306913092 -0.6228472522349644 0.0 0
81.79999999999963 -1.0077032306913092 -0.6228472522349644 0.0 0
81.89999999999962 -1.0077032306913092 -0.6228472522349644 0.0 0
81.99999999999962 -1.0077032306913092 -0.6228472522349644 0.0 0
82.09999999999961 -1.0077032306913092 -0.6228472522349644 0.0 0
82.1999999999996 -1.0077032306913092 -0.6228472522349644 0.0 0
82.2999999999996 -1.0077032306913092 -0.6228472522349644 0.0 0
82.3999999999996 -1.0077032306913092 -0.6228472522349644 0.0 0
82.49999999999959 -1.0077032306913092 -0.6228472522349644 0.0 0
82.59999999999958 -1.0077032306913092 -0.6228472522349644 0.0 0
82.69999999999958 -1.0077032306913092 -0.6228472522349644 0.0 0
82.79999999999957 -1.0077032306913092 -0.6228472522349644 0.0 0
82.89999999999957 -1.0077032306913092 -0.6228472522349644 0.0 0
82.99999999999956 -1.0077032306913092 -0.6228472522349644 0.0 0
83.09999999999955 -1.0077032306913092 -0.6228472522349644 0.0 0
83.19999999999955 -1.0077032306913092 -0.6228472522349644 0.0 0
83.29999999999954 -1.0077032306913092 -0.6228472522349644 0.0 0
83.39999999999954 -1.0077032306913092 -0.6228472522349644 0.0 0
83.49999999999953 -1.0077032306913092 -0.6228472522349644 0.0 0
83.59999999999953 -1.0077032306913092 -0.6228472522349644 0.0 0
83.69999999999952 -1.0077032306913092 -0.6228472522349644 0.0 0
83.79999999999951 -1.2114266039780415 -0.6343616990775492 0.0 0
83.89999999999951 -1.2114266039780415 -0.6343616990775492 0.0 0
83.9999999999995 -1.2114266039780415 -0.6343616990775492 0.0 0
84.0999999999995 -1.2114266039780415 -0.6343616990775492 0.0 0
84.19999999999949 -1.2114266039780415 -0.6343616990775492 0.0 0
84.29999999999949 -1.2114266039780415 -0.6343616990775492 0.0 0
84.39999999999948 -1.2114266039780415 -0.6343616990775492 0.0 0
84.49999999999947 -1.2114266039780415 -0.6343616990775492 0.0 0
84.59999999999947 -1.2114266039780415 -0.6343616990775492 0.0 0
84.69999999999946 -1.2114266039780415 -0.6343616990775492 0.0 0
84.79999999999946 -1.2114266039780415 -0.6343616990775492 0.0 0
84.89999999999945 -1.2114266039780415 -0.6343616990775492 0.0 0
84.99999999999945 -1.2114266039780415 -0.6343616990775492 0.0 0
85.09999999999944 -1.2114266039780415 -0.6343616990775492 0.0 0
85.19999999999943 -1.2114266039780415 -0.6343616990775492 0.0 0
85.29999999999943 -1.2114266039780415 -0.6343616990775492 0.0 0
85.39999999999942 -1.2114266039780415 -0.6343616990775492 0.0 0
85.49999999999942 -1.2114266039780415 -0.6343616990775492 0.0 0
85.59999999999941 -1.4247078816572534 -0.6501650056460878 0.0 0
85.6999999999994 -1.4247078816572534 -0.6501650056460878 0.0 0
85.7999999999994 -1.4247078816572534 -0.6501650056460878 0.0 0
85.8999999999994 -1.4247078816572534 -0.6501650056460878 0.0 0
85.99999999999939 -1.4247078816572534 -0.6501650056460878 0.0 0
86.09999999999938 -1.4247078816572534 -0.6501650056460878 0.0 0
86.19999999999938 -1.4247078816572534 -0.6501650056460878 0.0 0
86.29999999999937 -1.4247078816572534 -0.6501650056460878 0.0 0
86.39999999999937 -1.4247078816572534 -0.6501650056460878 0.0 0
86.49999999999936 -1.4247078816572534 -0.6501650056460878 0.0 0
86.59999999999935 -1.4247078816572534 -0.6501650056460878 0.0 0
86.69999999999935 -1.4247078816572534 -0.6501650056460878 0.0 0
86.79999999999934 -1.4247078816572534 -0.6501650056460878 0.0 0
86.89999999999934 -1.4247078816572534 -0.6501650056460878 0.0 0
86.99999999999933 -1.4247078816572534 -0.6501650056460878 0.0 0
87.09999999999933 -1.4247078816572534 -0.6501650056460878 0.0 0
87.19999999999932 -1.4247078816572534 -0.6501650056460878 0.0 0
87.29999999999932 -1.4247078816572534 -0.6501650056460878 0.0 0
87.39999999999931 -1.6280554500583442 -0.6670559937172776 0.0 0
87.4999999999993 -1.6280554500583442 -0.6670559937172776 0.0 0
87.5999999999993 -1.6280554500583442 -0.6670559937172776 0.0 0
87.69999999999929 -1.6280554500583442 -0.6670559937172776 0.0 0
87.79999999999929 -1.6280554500583442 -0.6670559937172776 0.0 0
87.89999999999928 -1.6280554500583442 -0.6670559937172776 0.0 0
87.99999999999928 -1.6280554500583442 -0.6670559937172776 0.0 0
88.09999999999927 -1.6280554500583442 -0.6670559937172776 0.0 0
88.19999999999926 -1.6280554500583442 -0.6670559937172776 0.0 0
88.29999999999926 -1.6280554500583442 -0.6670559937172776 0.0 0
88.39999999999925 -1.6280554500583442 -0.6670559937172776 0.0 0
88.49999999999925 -1.6280554500583442 -0.6670559937172776 0.0 0
88.59999999999924 -1.6280554500583442 -0.6670559937172776 0.0 0
88.69999999999924 -1.6280554500583442 -0.6670559937172776 0.0 0
88.79999999999923 -1.6280554500583442 -0.6670559937172776 0.0 0
88.89999999999922 -1.6280554500583442 -0.6670559937172776 0.0 0
88.99999999999922 -1.6311869577692693 -0.6678692407545187 0.0 0
89.09999999999921 -1.6311869577692693 -0.6678692407545187 0.0 0
89.1999999999992 -1.6311869577692693 -0.6678692407545187 0.0 0
89.2999999999992 -1.6311869577692693 -0.6678692407545187 0.0 0
89.3999999999992 -1.6347610305045193 -0.6645621708640254 0.0 0
89.49999999999919 -1.6347610305045193 -0.6645621708640254 0.0 0
89.59999999999918 -1.6347610305045193 -0.6645621708640254 0.0 0
89.69999999999918 -1.6347610305045193 -0.6645621708640254 0.0 0
89.79999999999917 -1.6399689230220689 -0.6657496604755155 0.0 0
89.89999999999917 -1.6399689230220689 -0.6657496604755155 0.0 0
89.99999999999916 -1.6399689230220689 -0.6657496604755155 0.0 0
90.09999999999916 -1.6399689230220689 -0.6657496604755155 0.0 0
90.19999999999915 -1.6423822227791225 -0.661499860756982 0.0 1
90.29999999999914 -1.6423822227791225 -0.661499860756982 0.0 0
90.39999999999914 -1.6423822227791225 -0.661499860756982 0.0 0
90.49999999999913 -1.6423822227791225 -0.661499860756982 0.0 0
90.59999999999913 -1.6439125256794052 -0.6625111020490692 0.0 0
90.69999999999912 -1.6439125256794052 -0.6625111020490692 0.0 0
90.79999999999912 -1.6439125256794052 -0.6625111020490692 0.0 0
90.89999999999911 -1.6439125256794052 -0.6625111020490692 0.0 0
90.9999999999991 -1.6439125256794052 -0.6625111020490692 0.0 0
91.0999999999991 -1.6439125256794052 -0.6625111020490692 0.0 0
91.1999999999991 -1.6439125256794052 -0.6625111020490692 0.0 0
91.29999999999909 -1.6439125256794052 -0.6625111020490692 0.0 0
91.39999999999908 -1.6439125256794052 -0.6625111020490692 0.0 0
91.49999999999908 -1.6439125256794052 -0.6625111020490692 0.0 0
91.59999999999907 -1.6439125256794052 -0.6625111020490692 0.0 0
91.69999999999906 -1.6439125256794052 -0.6625111020490692 0.0 0
91.79999999999906 -1.6439125256794052 -0.6625111020490692 0.0 0
91.89999999999905 -1.6439125256794052 -0.6625111020490692 0.0 0
91.99999999999905 -1.6439125256794052 -0.6625111020490692 0.0 0
92.09999999999904 -1.6439125256794052 -0.6625111020490692 0.0 0
92.19999999999904 -1.6439125256794052 -0.6625111020490692 0.0 0
92.29999999999903 -1.6439125256794052 -0.6625111020490692 0.0 0
92.39999999999903 -1.6439125256794052 -0.6625111020490692 0.0 0
92.49999999999902 -1.6439125256794052 -0.6625111020490692 0.0 0
92.59999999999901 -1.6439125256794052 -0.6625111020490692 0.0 0
92.69999999999901 -1.6439125256794052 -0.6625111020490692 0.0 0
92.799999999999 -1.6439125256794052 -0.6625111020490692 0.0 0
92.899999999999 -1.6439125256794052 -0.6625111020490692 0.0 0
92.99999999999899 -1.6439125256794052 -0.6625111020490692 0.0 0
93.09999999999899 -1.6439125256794052 -0.6625111020490692 0.0 0
93.19999999999898 -1.6439125256794052 -0.6625111020490692 0.0 0
93.29999999999897 -1.6439125256794052 -0.6625111020490692 0.0 0
93.39999999999897 -1.6439125256794052 -0.6625111020490692 0.0 0
93.49999999999896 -1.6439125256794052 -0.6625111020490692 0.0 0
93.59999999999896 -1.6439125256794052 -0.6625111020490692 0.0 0
93.69999999999895 -1.6439125256794052 -0.6625111020490692 0.0 0
93.79999999999895 -1.6439125256794052 -0.6625111020490692 0.0 0
93.89999999999894 -1.6439125256794052 -0.6625111020490692 0.0 0
93.99999999999893 -1.6439125256794052 -0.6625111020490692 0.0 0
94.09999999999893 -1.6439125256794052 -0.6625111020490692 0.0 0
94.19999999999892 -1.6439125256794052 -0.6625111020490692 0.0 0
94.29999999999892 -1.6439125256794052 -0.6625111020490692 0.0 0
94.39999999999891 -1.6439125256794052 -0.6625111020490692 0.0 0
94.4999999999989 -1.6439125256794052 -0.6625111020490692 0.0 0
94.5999999999989 -1.6439125256794052 -0.6625111020490692 0.0 0
94.6999999999989 -1.6439125256794052 -0.6625111020490692 0.0 0
94.79999999999889 -1.6439125256794052 -0.6625111020490692 0.0 0
94.89999999999888 -1.6439125256794052 -0.6625111020490692 0.0 0
94.99999999999888 -1.6439125256794052 -0.6625111020490692 0.0 0
95.09999999999887 -1.6439125256794052 -0.6625111020490692 0.0 0
95.19999999999887 -1.6439125256794052 -0.6625111020490692 0.0 0
95.29999999999886 -1.6439125256794052 -0.6625111020490692 0.0 0
95.39999999999885 -1.6439125256794052 -0.6625111020490692 0.0 0
95.49999999999885 -1.6439125256794052 -0.6625111020490692 0.0 0
95.59999999999884 -1.6439125256794052 -0.6625111020490692 0.0 0
95.69999999999884 -1.6439125256794052 -0.6625111020490692 0.0 0
95.79999999999883 -1.6439125256794052 -0.6625111020490692 0.0 0
95.89999999999883 -1.6439125256794052 -0.6625111020490692 0.0 0
95.99999999999882 -1.6439125256794052 -0.6625111020490692 0.0 0
96.09999999999881 -1.6439125256794052 -0.6625111020490692 0.0 0
96.19999999999881 -1.6439125256794052 -0.6625111020490692 0.0 0
96.2999999999988 -1.6439125256794052 -0.6625111020490692 0.0 0
96.3999999999988 -1.6439125256794052 -0.6625111020490692 0.0 0
96.49999999999879 -1.6439125256794052 -0.6625111020490692 0.0 0
96.59999999999879 -1.6439125256794052 -0.6625111020490692 0.0 0
96.69999999999878 -1.6439125256794052 -0.6625111020490692 0.0 0
96.79999999999878 -1.6439125256794052 -0.6625111020490692 0.0 0
96.89999999999877 -1.6439125256794052 -0.6625111020490692 0.0 0
96.99999999999876 -1.6439125256794052 -0.6625111020490692 0.0 0
97.09999999999876 -1.6439125256794052 -0.6625111020490692 0.0 0
97.19999999999875 -1.6439125256794052 -0.6625111020490692 0.0 0
97.29999999999875 -1.6439125256794052 -0.6625111020490692 0.0 0
97.39999999999874 -1.6439125256794052 -0.6625111020490692 0.0 0
97.49999999999874 -1.6439125256794052 -0.6625111020490692 0.0 0
97.59999999999873 -1.6439125256794052 -0.6625111020490692 0.0 0
97.69999999999872 -1.6439125256794052 -0.6625111020490692 0.0 0
97.79999999999872 -1.6439125256794052 -0.6625111020490692 0.0 0
97.89999999999871 -1.6439125256794052 -0.6625111020490692 0.0 0
97.9999999999987 -1.6439125256794052 -0.6625111020490692 0.0 0
98.0999999999987 -1.6439125256794052 -0.6625111020490692 0.0 0
98.1999999999987 -1.6439125256794052 -0.6625111020490692 0.0 0
98.29999999999869 -1.6439125256794052 -0.6625111020490692 0.0 0
98.39999999999868 -1.6439125256794052 -0.6625111020490692 0.0 0
98.49999999999868 -1.6439125256794052 -0.6625111020490692 0.0 0
98.59999999999867 -1.6439125256794052 -0.6625111020490692 0.0 0
98.69999999999867 -1.6439125256794052 -0.6625111020490692 0.0 0
98.79999999999866 -1.6439125256794052 -0.6625111020490692 0.0 0
98.89999999999866 -1.6439125256794052 -0.6625111020490692 0.0 0
98.99999999999865 -1.6439125256794052 -0.6625111020490692 0.0 0
99.09999999999864 -1.6439125256794052 -0.6625111020490692 0.0 0
99.19999999999864 -1.6439125256794052 -0.6625111020490692 0.0 0
99.29999999999863 -1.6439125256794052 -0.6625111020490692 0.0 0
99.39999999999863 -1.6439125256794052 -0.6625111020490692 0.0 0
